01, 79998887765, 20230419103000, 20230419112000
02, 73160252296, 20231107161026, 20231107161906
01, 71911814507, 20230207153216, 20230207154350
01, 75247690175, 20231109001045, 20231109002013
01, 71768318906, 20230322031256, 20230322032359
02, 79876543221, 20230321160400, 20230321161400
02, 79876543222, 20230321160400, 20230321161412
02, 79876543223, 20230321160400, 20230321210400
02, 79876543224, 20230321160400, 20230321210412
02, 79876543225, 20230321160400, 20230321210700
01, 79876543226, 20230321160400, 20230321161400
01, 79876543227, 20230321160400, 20230321161412
01, 79876543228, 20230321160400, 20230321210400
01, 79876543229, 20230321160400, 20230321210412
01, 79876543230, 20230321160400, 20230321210700
02, 79876543222, 20230321160400, 20230321161412
01, 79876543222, 20230321161412, 20230321211424
01, 79998887766, 20230419103000, 20230419104000
02, 79998887766, 20230419103000, 20230419104000
01, 79997776655, 20230419114500, 20230419114715
02, 79997776655, 20230419114500, 20230419114715
02, 79998887766, 20230419103000, 20230419112000
02, 79998887766, 20230419103000, 20230419114000
02, 79998887766, 20230419103000, 20230419112011
02, 79998887766, 20230419103000, 20230419114011
01, 79998887766, 20230419103000, 20230419112000
01, 79998887766, 20230419103000, 20230419114000
01, 79998887766, 20230419103000, 20230419112011
01, 79998887766, 20230419103000, 20230419114100
01, 79998887766, 20230419103000, 20230419114111